27 27 
7 27 0.042 0.052
33 33 
5 33 0.04 0.051
38 38 
8 38 0.04 0.05
28 28 
9 28 0.039 0.05
34 34 
6 34 0.039 0.052
34 34 
3 34 0.039 0.05
30 30 
7 30 0.04 0.05
32 32 
7 32 0.043 0.05
28 28 
7 28 0.041 0.051
30 30 
7 30 0.039 0.052
24 24 
7 24 0.039 0.052
30 30 
7 30 0.043 0.053
31 31 
6 31 0.042 0.053
36 36 
4 36 0.041 0.052
31 31 
7 31 0.039 0.051
28 28 
7 28 0.039 0.05
39 39 
7 39 0.039 0.051
35 35 
10 35 0.04 0.051
25 25 
8 25 0.042 0.051
36 36 
8 36 0.04 0.051
23 23 
5 23 0.04 0.052
25 25 
5 25 0.039 0.051
31 31 
8 31 0.039 0.05
29 29 
4 29 0.039 0.051
27 27 
7 27 0.039 0.05
38 38 
6 38 0.039 0.051
33 33 
10 33 0.039 0.052
30 30 
4 30 0.039 0.051
24 24 
6 24 0.039 0.05
37 37 
7 37 0.04 0.055
39 39 
8 39 0.041 0.053
33 33 
7 33 0.039 0.053
34 34 
7 34 0.044 0.066
26 26 
6 26 0.043 0.055
28 28 
6 28 0.041 0.051
31 31 
4 31 0.04 0.051
28 28 
5 28 0.038 0.051
27 27 
4 27 0.039 0.051
19 19 
6 19 0.039 0.052
22 22 
3 22 0.039 0.051
27 27 
6 27 0.04 0.053
28 28 
5 28 0.04 0.052
30 30 
4 30 0.041 0.051
32 32 
5 32 0.039 0.052
31 31 
5 31 0.038 0.052
33 33 
7 33 0.04 0.051
36 36 
6 36 0.039 0.051
34 34 
4 34 0.04 0.051
28 28 
4 28 0.038 0.051
32 32 
6 32 0.039 0.052
33 33 
5 33 0.039 0.05
29 29 
6 29 0.04 0.052
33 33 
5 33 0.041 0.051
39 39 
6 39 0.04 0.053
37 37 
5 37 0.039 0.051
32 32 
5 32 0.039 0.052
18 18 
6 18 0.039 0.05
40 40 
8 40 0.04 0.05
19 19 
3 19 0.04 0.05
33 33 
9 33 0.038 0.052
26 26 
8 26 0.04 0.051
21 21 
3 21 0.04 0.051
43 43 
9 43 0.039 0.051
33 33 
7 33 0.041 0.052
29 29 
5 29 0.04 0.051
32 32 
7 32 0.039 0.052
38 38 
9 38 0.04 0.053
28 28 
5 28 0.04 0.051
26 26 
7 26 0.041 0.05
39 39 
9 39 0.04 0.051
27 27 
5 27 0.039 0.051
24 24 
2 24 0.039 0.051
31 31 
7 31 0.039 0.051
30 30 
9 30 0.039 0.051
28 28 
5 28 0.04 0.058
31 31 
4 31 0.041 0.053
38 38 
6 38 0.04 0.052
31 31 
9 31 0.038 0.053
32 32 
7 32 0.039 0.051
25 25 
4 25 0.04 0.051
29 29 
6 29 0.041 0.05
30 30 
4 30 0.038 0.051
28 28 
6 28 0.039 0.051
27 27 
6 27 0.039 0.051
27 27 
6 27 0.04 0.051
26 26 
6 26 0.039 0.052
34 34 
8 34 0.042 0.052
40 40 
6 40 0.04 0.054
23 23 
6 23 0.04 0.052
30 30 
10 30 0.038 0.052
16 16 
4 16 0.039 0.051
27 27 
3 27 0.039 0.05
31 31 
5 31 0.041 0.052
33 33 
10 33 0.039 0.053
31 31 
7 31 0.04 0.05
38 38 
6 38 0.04 0.051
42 42 
8 42 0.039 0.051
30 30 
6 30 0.039 0.052
32 32 
6 32 0.039 0.052
34 34 
6 34 0.039 0.055
